# A polytopes complex

[[1,2,3,4,5],[4,5,6,7,8]]

# A1 sub polytopes
[1,2,3,4,5]
# matrix dimensions
4 3
-1   0   0
 1   0   1
-1   1   1
 1   1   2
[1,2]
4 3
-1   0   0
 1   0   0
 0  -1   0
 0   1   1
[2,3]
4 3
-1   0   0
 1   0   0.5
-1   1   1
 0  -1  -1
[3,4]
4 3
-1   0  -0.5
 1   0   1
 1   1   2
-1  -1  -2
[4,5]
4 3
 1   0   1
-1   0  -1
 0  -1   0
 0   1   1
[1,5]
4 3
 1   0   0
-1   0   1
 1   0   0
-1   0   0
[1]
4 3
-1   0  -1
 1   0   1
 0  -1  -1
 0   1   1
[2]
4 3
-1   0  -2
 1   0   2
 0  -1  -1
 0   1   1
[3]
4 3
-1   0  -1
 1   0   1
 0  -1  -2
 0   1   2
[4]
4 3
-1   0  -2
 1   0   2
 0  -1  -2
 0   1   2

# coordinates
# we need dimension first
2

#1
0 0
#2
0 1
#3
0.5 1.5
#4
-1 1 1
-1 1 1
#5
-1 1 1
-1 1 1

# A2 sub polytopes
[4,5,6,7,8]
# matrix dimensions
4 3
-1   0   0
 1   0   1
-1   1   1
 1   1   2
[4,8]
4 3
-1   0   0
 1   0   0
 0  -1   0
 0   1   1
[7,8]
4 3
-1   0   0
 1   0   0.5
-1   1   1
 0  -1  -1
[6,7]
4 3
-1   0  -0.5
 1   0   1
 1   1   2
-1  -1  -2
[5,6]
4 3
 1   0   1
-1   0  -1
 0  -1   0
 0   1   1
[4,5]
4 3
 1   0   0
-1   0   1
 1   0   0
-1   0   0
[1]
4 3
-1   0  -1
 1   0   1
 0  -1  -1
 0   1   1
[2]
4 3
-1   0  -2
 1   0   2
 0  -1  -1
 0   1   1
[3]
4 3
-1   0  -1
 1   0   1
 0  -1  -2
 0   1   2
[4]
4 3
-1   0  -2
 1   0   2
 0  -1  -2
 0   1   2

# coordinates
# we need dimension first
2

#4
1 1
#5
2 1
#6
1 2
#7
-1 1 1
-1 1 1
#8
-1 1 1
-1 1 1

# always end with empty new line
