# A polytopes complex

[[1,2,3,4]]

# A1 sub polytopes
[1,2,3,4]
# matrix dimensions
4 3
-1  0  -1
 0 -1  -1
 0  1   2
 1  1   4
[1,2]
4 3
-1   0  -1
 1   0   3
 0  -1  -1
 0   1   1
[1,3]
4 3
-1   0  -1
 1   0   1
 0  -1  -1
 0   1   2
[3,4]
4 3
-1   0  -1
 1   0   2
 0  -1  -2
 0   1   2
[2,4]
3 3
 1  0   3
-1  0  -2
 1  1   4
[1]
4 3
-1  0  -1
 1  0   1
 0 -1  -1
 0  1   1
[2]
4 3
-1   0  -3
 1   0   3
 0  -1  -1
 0   1   1
[3]
4 3
-1   0   -1
 1   0    1
 0  -1   -2
 0   1    2
[4]
4 3
-1   0   -2
 1   0    2
 0  -1   -2
 0   1    2

# coordinates
# we need dimension first
2

#1
1 1
#2
3 1
#3
1 2
#4
-0.5 0.5 1
-0.5 0.5 1

# always end with empty new line
